<?xml version="1.0"?>
<opencv_storage>
<homography type_id="opencv-matrix">
<rows>3</rows>
<cols>3</cols>
<dt>d</dt>
<data>
-0.008571443387810056 -0.4086525592277664 254.3638970832213
  0.02651783670555704 -0.4852469166372146 263.9006202187298
  5.116184270774318e-005 -0.001901768243671519 1
</data>
</homography>
</opencv_storage>